929
516 484
782 393
641 814
571 770
60 24
811 358
201 26
53 595
666 399
57 40
410 194
177 379
709 704
677 701
574 929
12 56
8 137
583 829
574 204
835 305
529 180
2 867
473 819
557 562
318 142
75 69
876 222
4 99
627 168
217 591
55 32
10 7
56 298
188 289
903 721
471 570
600 786
337 706
214 414
86 44
43 41
267 506
346 237
43 846
395 92
211 53
110 35
28 3
583 137
608 439
391 793
454 300
288 495
96 1
502 696
404 805
186 13
455 336
103 478
287 79
540 472
736 248
131 851
89 659
70 420
386 155
918 751
263 387
610 679
248 690
900 326
307 209
71 31
717 609
5 1
708 627
330 79
20 371
376 459
45 188
93 44
174 56
378 169
688 364
145 214
49 13
473 629
648 572
508 545
568 95
143 38
546 100
428 601
114 871
24 578
259 235
102 215
180 116
73 200
28 399
579 362
9 18
135 237
830 761
3 33
15 48
352 488
235 472
5 396
620 490
746 113
691 655
132 191
872 361
538 444
164 290
382 190
896 778
209 612
88 922
456 417
655 518
510 567
25 146
280 98
482 380
684 292
82 71
96 685
785 546
209 255
15 850
31 306
350 69
90 164
198 95
501 304
594 393
44 45
34 127
61 53
363 532
321 11
67 336
728 458
154 273
373 844
84 147
726 466
100 190
335 98
662 411
13 650
118 440
44 405
904 117
754 117
11 107
356 70
572 361
201 219
6 748
545 737
756 334
208 518
441 385
875 275
571 204
277 375
269 776
27 132
509 164
31 448
551 344
552 128
269 221
128 96
369 68
210 531
99 302
716 697
790 36
879 796
220 92
115 61
394 831
926 855
502 527
72 95
408 310
13 5
85 156
14 433
590 62
752 886
393 307
447 315
65 248
177 470
159 103
354 513
593 153
36 865
2 29
51 265
16 7
175 266
81 40
301 86
838 439
281 698
254 216
727 611
502 2
24 225
670 106
624 371
341 458
484 409
722 320
832 290
100 221
847 110
493 324
84 16
13 158
924 545
550 626
20 31
822 195
421 580
88 660
44 172
146 656
553 391
112 157
830 848
659 916
155 205
391 32
767 701
32 18
403 329
48 78
20 79
436 192
422 576
649 295
171 56
49 573
186 824
48 170
7 34
244 8
119 138
240 118
183 582
683 463
388 261
368 671
16 39
732 719
498 307
532 585
78 880
200 915
640 869
332 293
780 920
683 751
304 73
288 10
189 54
27 294
101 743
63 14
563 9
33 50
48 89
176 474
77 42
170 827
53 406
759 581
310 208
324 841
6 23
647 264
692 895
187 451
618 534
224 692
101 15
265 774
5 550
610 255
481 76
133 44
13 15
52 123
192 28
140 79
258 172
271 905
749 495
892 618
40 485
177 417
341 97
424 247
358 137
453 765
47 890
493 641
74 17
164 866
411 165
11 364
596 313
282 323
268 133
150 20
159 236
199 264
270 201
733 354
221 296
327 523
142 253
135 122
87 195
142 163
297 780
794 505
543 757
525 520
715 502
227 123
644 150
405 675
542 109
231 261
3 235
222 445
766 119
80 419
800 77
52 134
637 318
307 374
861 76
263 118
36 914
45 621
911 207
698 894
658 95
758 412
172 421
73 721
19 27
207 437
41 286
196 394
197 69
503 149
826 81
834 369
279 69
366 236
112 256
676 893
225 461
73 439
421 884
92 34
8 58
157 791
3 2
243 519
401 823
70 25
58 541
526 312
121 92
921 750
532 744
207 477
100 61
124 452
703 270
825 845
407 358
34 38
919 291
432 211
42 325
475 113
164 362
96 153
114 339
487 351
293 13
100 635
91 130
429 29
146 282
227 517
271 720
569 480
695 410
151 114
26 185
131 122
76 260
11 19
139 105
68 56
421 611
3 136
224 250
889 8
365 623
665 575
315 236
440 771
807 606
232 471
489 12
136 402
228 910
132 199
704 788
728 809
460 349
62 34
64 18
73 630
58 226
806 68
365 784
496 856
891 311
125 95
231 602
208 18
689 393
663 53
333 93
622 213
45 370
96 351
345 152
9 17
855 136
521 413
796 287
535 402
907 176
558 616
72 71
85 23
166 138
103 272
155 328
243 10
282 606
73 55
34 108
742 654
384 42
30 194
411 863
762 249
204 603
435 144
209 86
650 740
243 864
283 187
12 3
303 113
130 522
704 429
55 837
450 53
187 14
5 11
96 392
351 877
305 599
678 400
190 453
750 901
16 42
631 301
627 677
902 515
508 537
96 98
363 667
505 102
212 473
511 267
504 763
312 234
167 102
516 833
274 144
7 810
401 229
539 92
21 59
322 72
37 87
101 753
57 284
147 241
203 102
120 25
169 3
555 425
203 206
25 340
530 369
40 300
878 51
65 36
825 376
459 492
25 4
309 183
76 262
85 196
35 354
634 392
68 239
20 97
760 240
231 103
251 645
81 292
297 192
264 557
56 112
329 49
217 547
428 12
2 9
245 423
479 584
598 724
83 5
222 400
217 92
229 710
462 646
559 505
928 183
193 216
777 86
347 273
713 268
275 643
680 601
342 617
129 56
86 355
664 251
299 250
352 99
21 35
397 258
113 17
1 2
43 51
693 682
628 109
609 188
202 457
725 738
42 775
412 700
162 80
44 24
633 681
47 23
88 61
313 524
247 207
359 354
139 735
612 887
19 67
292 464
434 53
43 694
279 372
772 603
31 161
52 144
256 913
520 452
507 29
288 360
276 60
500 828
45 383
362 589
263 462
12 46
355 385
193 277
427 927
8 2
842 484
543 242
549 101
658 881
222 86
15 24
592 254
37 21
53 29
285 69
672 299
638 114
21 15
218 463
258 885
783 127
436 654
849 414
12 510
184 202
444 236
430 283
344 339
541 575
162 377
813 365
155 175
839 100
636 377
232 196
22 6
367 130
250 278
755 588
296 380
229 373
271 816
212 77
491 255
676 214
90 119
402 469
24 181
512 118
71 639
651 436
200 320
299 486
116 53
200 422
504 297
682 297
723 290
230 316
69 122
111 50
110 126
852 102
619 363
750 804
552 897
31 117
25 251
76 8
193 47
458 821
790 820
378 613
257 165
233 199
228 63
381 468
802 649
57 160
134 317
506 600
338 416
731 304
222 714
483 472
103 55
404 46
535 750
499 482
100 544
85 91
442 315
12 176
764 316
6 20
615 52
554 320
210 187
268 674
858 604
93 155
213 179
376 318
160 409
313 327
123 597
399 707
669 115
100 686
247 587
446 32
147 308
508 536
311 173
26 711
912 613
694 734
39 661
279 331
177 66
59 295
122 165
769 186
338 209
2 7
183 176
249 697
370 426
675 761
541 868
321 719
21 246
739 484
207 35
47 781
336 747
687 245
313 203
14 66
417 799
598 88
64 184
259 427
494 368
614 493
84 249
480 215
586 516
305 5
50 534
853 849
483 792
2 40
229 45
234 123
808 154
101 479
815 685
196 238
908 353
415 135
801 373
27 178
909 561
250 860
425 188
705 350
652 306
577 8
657 100
355 443
418 143
362 368
242 239
148 19
353 528
94 9
326 873
439 515
625 481
334 120
105 37
386 836
514 204
378 787
898 735
261 874
30 27
673 752
47 52
418 729
280 314
254 857
337 220
466 102
227 925
56 291
311 730
124 24
497 158
632 97
54 22
854 710
114 33
168 324
179 22
917 205
168 120
342 23
548 91
449 420
899 570
351 412
63 702
565 131
605 162
148 508
142 98
206 271
59 104
33 204
209 476
768 441
533 164
718 494
8 223
390 61
361 171
182 168
798 758
566 364
840 689
44 90
106 431
661 789
843 374
467 241
375 381
109 141
126 500
316 343
26 25
556 281
4 14
339 818
862 122
48 633
803 388
107 653
389 365
778 179
60 699
108 588
147 154
418 558
581 131
496 155
52 109
346 870
41 5
111 465
357 342
189 607
312 438
720 817
173 119
812 448
490 15
174 353
560 210
